"watchers"	"forks"	"members"	"commits"
-0,549496249822122	-0,488645804080176	-0,0579837983775595	-0,313238641899371
-0,552094625779275	-0,496154845519931	-0,0597567921723369	-0,321088467712912
-0,024115345580744	0,270209221605492	0,0538855020839068	0,296390675805966
0,742305584944052	1	0,241379205225508	0,574532178396528
0,0901947750296769	0,241379205225508	1	0,209920445818984
0,392536399891976	0,574532178396528	0,209920445818984	1
0,564932800681781	0,600582627702831	0,138004407875667	0,693029324738509
1	0,742305584944052	0,0901947750296769	0,392536399891976
0,486779502806222	0,742436050477927	0,260444534270499	0,630248005983179
0,386282010499859	0,50342973968458	0,331025829112629	0,515306658660335
0,449124541545619	0,488101969747681	0,183833127442728	0,420677123257023
0,581694825462126	0,688299019558912	0,267238738836856	0,582993619687071
0,600000900588815	0,564257267402553	0,0991375241277935	0,643313761186937
0,519295932953081	0,675364193956769	0,383735474927387	0,684386234972585
0,316463630149337	0,495368154015462	0,608053508221894	0,542032323028172
0,48679138744431	0,676230988592204	0,2096862219231	0,619095039678075
0,501820409954452	0,557281646312753	0,0905063324271631	0,686217821933063
0,263032285443864	0,43148245550034	0,190542087603193	0,18717652693973
0,262201013818713	0,228637565375137	0,0257308951160427	0,102942045185792
0,5397184111166	0,477529619597316	0,145189393207463	0,341741399919505
0,376855908857934	0,453414138261672	0,418175345063001	0,509376370094078
0,757609310590672	0,685584149769943	0,0247378842679279	0,503982627542756
0,0263262103657432	-0,0696264184134102	0,248588754236413	-0,163890806055637
0,197695110657573	0,0893445668633465	0,272193092021788	-0,124880611214348
0,316463630149337	0,495368154015462	0,608053508221894	0,542032323028172
